20200301234648
20200302224751
20200303231332
20200304230748
20200305224916
20200306224331
20200307230026
20200308232251
20200309234747
20200310234804
20200311234701
20200312234048
20200313235940
20200313234037
20200314235906
20200314230744
20200315231920
20200316232746
20200317234753
20200318234401
20200319234228
20200320235830
20200321235806
20200322233818
20200323234257
20200324235953
20200324235801
20200325235046
20200326233614
20200327235657
20200328233850
20200329235359
20200330235838
20200330235955
20200331235308
20200401233916
20200402235448
20200403234300
20200404231506
20200405233727
20200406235320
20200407235110
20200408235003
20200409234140
20200410230756
20200411235712
20200412235203
20200413231545
20200414232832
20200415233539
20200416235052
20200417234759
20200418230304
20200419233310
20200420235839
20200421230028
20200422235414
20200423235833
20200424234916
20200425232059
20200426235644
20200427233724
20200428223310
20200429235102
20200430233043
20200501233534
20200502235510
20200503233527
20200504234312
20200505233144
20200506235130
20200507234920
20200508233005
20200509234943
20200510234510
20200511232519
20200512234431
20200513235722
20200514233004
20200515230113
20200516233225
20200517213439
20200518210542
20200519223120
20200520232012
20200521233530
20200522233656
20200523233035
20200524233004
20200525234252
20200526234224
20200527233824
20200528234247
20200529234814
20200530233305
20200531234649
20200601235757
20200602235734
20200603233914
20200604234718
20200605230622
20200606235859
20200607233818
20200608232849
20200609230004
20200610233004
20200611234929
20200612235831
20200613233115
20200614233442
20200615233728
20200616234241
20200617234943
20200618234721
20200619233630
20200620235327
20200621233101
20200622233005
20200623233202
20200624231855
20200625235432
20200626234053
20200627235431
20200628233024
20200629233325
20200630235838
20200701233152
20200702233005
20200703235448
20200704233617
20200705233519
20200705235955
20200706235114
20200707235954
20200707235642
20200708235624
20200709235953
20200709234426
20200710234238
20200711235950
20200711235420
20200712235935
20200712235238
20200713233912
20200714232710
20200714235935
20200715235456
20200716235947
20200716234733
20200716235927
20200717235920
20200717233219
20200718234929
20200719233159
20200719235933
20200720233101
20200721233007
20200722235934
20200722233757
20200723235435
20200724235448
20200725235247
20200726234708
20200727234801
20200728235940
20200728232941
20200729235953
20200729235728
20200730235934
20200730235218
20200731235928
20200731234307
20200801235959
20200801235559
20200802230550
20200803232906
20200804235106
20200805235926
20200805235158
20200806235930
20200806232343
20200807235933
20200807235324
20200808235935
20200808235838
20200809235930
20200809221839
20200810235925
20200810203058
20200811225427
20200811235930
20200812235930
20200812210952
20200813225122
20200813235930
20200814235931
20200814220522
20200815235932
20200815234423
20200816235930
20200816211814
20200816235932
20200817235930
20200817234627
20200818235929
20200818234959
20200819235929
20200819234534
20200820235929
20200820234431
20200821235934
20200821234100
20200822234734
20200822235930
20200823235929
20200823223734
20200824235945
20200824234854
20200825235928
20200825232235
20200826235528
20200827235931
20200827220153
20200828235101
20200828235932
20200829212645
20200829235932
20200830235939
20200830230424
20200831235931
20200831234201
20200901223323
20200901235933
20200902235934
20200902231817
20200903215252
20200903235931
20200904235957
20200904201942
20200905235931
20200905235705
20200906224430
20200907235930
20200907221733
20200908235936
20200908231123
20200909235931
20200909235709
20200910235935
20200910235607
20200911224009
20200912235932
20200912235456
20200913235027
20200914234937
20200914235938
20200915235953
20200915230239
20200916235949
20200916235936
20200916235217
20200917235948
20200917235141
20200918235948
20200918230411
20200919235941
20200919230226
20200920233505
20200921183840
20200921235944
20200922225652
20200922235935
20200923235937
20200923220842
20200924235934
20200924235705
20200925235955
20200927235933
20200927223030
20200928235928
20200928234851
20200929231247
20200929235931
20200930235431
20201001235112
20201001235932
20201002232513
20201002235930
20201002235936
20201003234319
20201003235926
20201004235949
20201004233327
20201005235941
20201005232550
20201006235928
20201006231423
20201007235930
20201007232919
20201008231047
20201008235940
20201009235937
20201009233031
20201010235935
20201010221026
20201011235936
20201011183728
20201012220846
20201012235930
